2:扉を調べる,5,黒板を見る,1
3:力が強い,2,頭が良い,3,手先が器用,4
8:正面玄関,10,職員室,16,保健室,13,理科室,25,放送室,29,音楽室,32,職員玄関,35,非常階段,37
7:正面玄関,10,職員室,16,保健室,13,理科室,25,放送室,29,音楽室,32,職員玄関,35
5:正面玄関,10,職員室,16,保健室,13,職員玄関,35,校内を探索する,8
4:正面玄関,10,職員室,16,職員玄関,35,校内を探索する,8
4:正面玄関,10,職員室,16,保健室,13,校内を探索する,8
3:正面玄関,10,職員室,16,校内を探索する,8
3:正面玄関,10,保健室,13,校内を探索する,8
2:正面玄関,10,校内を探索する,8
2:扉を開ける,11,廊下に戻る,9
3:扉を開ける,11,廊下に戻る,9,力ずくで外に出る,12
3:蛇口を閉める,14,机を調べる,15,廊下に戻る,9
2:机を調べる,15,廊下に戻る,9
2:職員室に入る,17,廊下に戻る,9
3:職員室に入る,17,廊下に戻る,9,ノックをする,18
2:職員室内を捜索する,19,この学校について詳しい話を聞く,20
3:職員室内を捜索する,19,この学校について詳しい話を聞く,20,職員玄関へ向かう,35
4:職員室内を捜索する,19,この学校について詳しい話を聞く,20,証明書が欲しいと伝える,21,職員玄関へ向かう,35
3:この学校について詳しい話を聞く,20,証明書が欲しいと伝える,21,職員玄関へ向かう,35
3:異変を指摘する,23,おとなしく撮影される,22,キックを仕掛ける,24
3:人体模型を調べる,26,黒板を調べる,27,廊下に戻る,9
4:人体模型を調べる,26,目玉をしっかりはめ込む,28,黒板を調べる,27,廊下に戻る,9
3:再生ボタン,30,避難経路図を見る,31,廊下に戻る,9
3:ピアノを見る,33,楽器を調べる,34,廊下に戻る,9
2:外に出る,36,廊下に戻る,9
3:鍵を開ける,38,鍵を壊す,40,廊下に戻る,9
2:地下室に向かう,41,廊下に戻る,9
10:0,39,1,39,2,39,3,39,4,39,5,39,6,39,7,38,8,39,9,39
10:0,39,1,39,2,38,3,39,4,39,5,39,6,39,7,39,8,39,9,39
10:0,39,1,39,2,39,3,39,4,39,5,39,6,39,7,39,8,39,9,38
10:0,39,1,39,2,39,3,39,4,39,5,39,6,39,7,39,8,39,9,39
2:檻の中に入る,46,非常階段に戻る,37
2:攻撃を避ける,43,攻撃を仕掛ける,44
3:攻撃を避ける,43,攻撃を仕掛ける,44,曲を演奏する,45
2:数字を入れる,47,あきらめる,49
10:0,48,1,48,2,48,3,48,4,48,5,48,6,48,7,48,8,48,9,47
10:0,48,1,48,2,47,3,48,4,48,5,48,6,48,7,48,8,48,9,48
10:0,48,1,48,2,48,3,48,4,48,5,48,6,48,7,47,8,48,9,48
10:0,48,1,48,2,48,3,47,4,48,5,48,6,48,7,48,8,48,9,48
10:0,48,1,48,2,48,3,48,4,48,5,48,6,48,7,48,8,48,9,48


